group                       trades  games  edge_pts   95% CI
Baseball Over                 4912   1319      1.13   [-2.52, +4.77]
Baseball Under                5184   1355     -2.25   [-6.13, +1.81]
D/F Over                      3926    715     -3.43   [-9.93, +3.02]
D/F Under                     3891    650     -2.48   [-8.40, +3.40]
Hockey Over                    740    160      0.74   [-8.85, +10.09]
Hockey Under                   653    155     -4.29   [-14.12, +5.93]
NBA Over                      4101    184      2.73   [-5.77, +11.06]
NBA Under                     3744    184     -0.61   [-8.94, +7.68]
Over                         22703   3144     -0.89   [-4.39, +2.67]
S/A/B Over                    3313    608     -2.95   [-9.41, +3.46]
S/A/B Under                   4960    639      1.85   [-3.85, +7.57]
Soccer 1.5 Over               2483    501     -1.98   [-8.70, +4.82]
Soccer 1.5 Under              1242    312      1.28   [-7.28, +9.31]
Soccer 2.5 Over               6004    816     -2.66   [-9.67, +4.56]
Soccer 2.5 Under              6059    683      1.81   [-6.40, +9.47]
Soccer 3.5 Over               2223    426     -5.14   [-15.98, +5.48]
Soccer 3.5 Under              3684    626     -0.75   [-7.81, +6.02]
Soccer Over                  12336   1166     -2.64   [-8.18, +2.74]
Soccer Under                 14197   1213      0.56   [-4.33, +5.46]
Under                        24418   3226     -0.21   [-3.46, +3.15]
in-play Over                  7072   1551     -0.70   [-4.38, +3.01]
in-play Under                 9889   1861      0.45   [-3.31, +4.04]
pre-kickoff Over             15631   2648     -0.97   [-4.63, +2.79]
pre-kickoff Under            14529   2414     -0.65   [-4.27, +2.95]
